OLD VERSION:

VIS
  2.296330564134153E-004  3.027153240122882E-004  1.694234593300699E-004
  2.233436169314020E-004  2.944242280333815E-004  3.881267225992731E-004
  5.116506674803054E-004  6.744869401927963E-004  8.891469539774459E-004
  1.172123963647672E-003  1.545160313501988E-003  2.036917995423927E-003
  2.685180873354399E-003  3.539757780542218E-003  4.666309547057250E-003
  6.151394004598315E-003  8.109116598077212E-003  1.068989759915489E-002
  1.409202954456388E-002  1.857691290705732E-002  2.448914062130383E-002
  3.228297464548918E-002  4.255724886706174E-002  5.610138009342620E-002
  7.395602235047337E-002  9.749302482033974E-002  0.128520836931660     
  0.169423459330070       0.223343616931402       0.294424228033382     
  0.388126722599273       0.511650667480305       0.674486940192796     
  0.889146953977445        1.17212396364767        1.54516031350199     
   2.03691799542393        2.68518087335440        3.53975778054222     
   4.66630954705725        6.15139400459832        8.10911659807720     
   10.6898975991549        14.0920295445639        18.5769129070573     
   24.4891406213038        32.2829746454892        42.5572488670618     
   56.1013800934262        73.9560223504733        93.6695436991268     
  0.000000000000000E+000  0.000000000000000E+000  0.000000000000000E+000
  0.000000000000000E+000  0.000000000000000E+000  0.000000000000000E+000
  0.000000000000000E+000  0.000000000000000E+000  0.000000000000000E+000
  0.000000000000000E+000  0.000000000000000E+000  0.000000000000000E+000
  0.000000000000000E+000  0.000000000000000E+000  0.000000000000000E+000
  0.000000000000000E+000  0.000000000000000E+000  0.000000000000000E+000
  0.000000000000000E+000  0.000000000000000E+000  0.000000000000000E+000
  0.000000000000000E+000  0.000000000000000E+000  0.000000000000000E+000
  0.000000000000000E+000  0.000000000000000E+000  0.000000000000000E+000
  0.000000000000000E+000  0.000000000000000E+000  0.000000000000000E+000
  0.000000000000000E+000  0.000000000000000E+000  0.000000000000000E+000
  0.000000000000000E+000  0.000000000000000E+000  0.000000000000000E+000
  0.000000000000000E+000  0.000000000000000E+000  0.000000000000000E+000
  0.000000000000000E+000  0.000000000000000E+000  0.000000000000000E+000
  0.000000000000000E+000  0.000000000000000E+000  0.000000000000000E+000
  0.000000000000000E+000  0.000000000000000E+000  0.000000000000000E+000
  0.000000000000000E+000  0.000000000000000E+000  0.000000000000000E+000
 
 IR
  5.740826410335382E-004  5.740826410335381E-004  1.827056689971825E-004
  1.827056689971823E-004  2.408529793279925E-004  2.408529793279919E-004
  3.175060630005129E-004  3.175060630005129E-004  4.185545070829409E-004
  4.185545070829409E-004  5.517622994152419E-004  5.517622994152424E-004
  7.273643692855211E-004  7.273643692855216E-004  9.588529811964692E-004
  9.588529811964703E-004  1.264014403747144E-003  1.264014403747147E-003
  1.666295505372034E-003  1.666295505372034E-003  2.196605278382936E-003
  2.196605278382938E-003  2.895689710176878E-003  2.895689710176880E-003
  3.817262473209121E-003  3.817262473209121E-003  5.032131978146421E-003
  5.032131978146421E-003  6.633641889496703E-003  6.633641889496694E-003
  8.744843121999094E-003  8.744843121999083E-003  1.152794837319394E-002
  1.152794837319394E-002  1.519679562469330E-002  1.519679562469328E-002
  2.003327823671644E-002  2.003327823671647E-002  2.640900403092684E-002
  2.640900403092688E-002  3.481384752233269E-002  3.481384752233265E-002
  4.589358909139028E-002  4.589358909139032E-002  6.049953307626405E-002
  6.049953307626413E-002  7.975391715730133E-002  7.975391715730147E-002
  0.105136138718882       0.105136138718882       0.138596423331967     
  0.138596423331967       0.182705668997182       0.182705668997183     
  0.240852979327992       0.240852979327992       0.317506063000513     
  0.317506063000513       0.418554507082941       0.418554507082941     
  0.551762299415242       0.551762299415242       0.727364369285522     
  0.727364369285520       0.958852981196471       0.958852981196468     
   1.26401440374714        1.26401440374715        1.66629550537203     
   1.66629550537203        2.19660527838294        2.19660527838294     
   2.89568971017688        2.89568971017688        3.81726247320912     
   3.81726247320912        5.03213197814642        5.03213197814642     
   6.63364188949670        6.63364188949671        8.74484312199909     
   8.74484312199906        11.5279483731939        11.5279483731939     
   15.1967956246933        15.1967956246933        20.0332782367164     
   20.0332782367164        26.4090040309269        26.4090040309269     
   34.8138475223327        34.8138475223327        45.8935890913903     
   45.8935890913903        60.4995330762641        60.4995330762641     
   79.7539171573014        79.7539171573014        105.136138718882     
   105.136138718882        129.037720528935       0.000000000000000E+000